10110000000101100010
01100001001001010000
10100000001101000001
00001111000000000000
00001111000000000001
00001111000000000000
10010010011110000010
00001111000000000001
10100010100110100010
00001111000000000010
00001111000000000010
x
01010010000100100000
00001111000000000000
00110011001101000010
00001111000000000001
10010010010101100010
00001111000000000010
00001111000000000010
x
10100000000101000010
00010011001000110000
00001111000000000000
00001111000000000001
00110011010110000010
01010010011001110001
00001111000000000000
00001111000000000001
10010010100110100010
00001111000000000001
00001111000000000010
x
10100000000101100000
01010001001001010000
00010011001101000001
00001111000000000000
00001111000000000001
00001111000000000000
10010010011110100010
01010010100010010001
00001111000000000000
00001111000000000001
00001111000000000010
x
10110000000101100000
00010011001000110000
00001111000000000000
10100010010001010001
00001111000000000001
00001111000000000010
10010010011110000010
00001111000000000001
00001111000000000010
x
00110011000101100001
01010010001000110001
00001111000000000000
10100010010001010001
00001111000000000001
00001111000000000010
10010010011110100010
01100001100010010010
00001111000000000010
00001111000000000001
00001111000000000010
x
01010010000100100001
00001111000000000000
10100010001101100001
00110011010001010001
00001111000000000001
00001111000000000010
00001111000000000010
x
00110011000110000010
10110000001001010000
01010001001101000000
00001111000000000001
00001111000000000000
01010010011001110001
00001111000000000000
00001111000000000001
00001111000000000010
x
10100000000101100010
01010010001000110000
00001111000000000000
00110011010001010001
00001111000000000001
00001111000000000010
00110011011110100010
01010010100010010001
00001111000000000000
00001111000000000001
10010010101111000010
00001111000000000010
00001111000000000010
x
10100000000101100010
01010010001000110000
00001111000000000000
00110011010001010010
00001111000000000001
00001111000000000010
10100010011110100010
01010010100010010001
00001111000000000000
00001111000000000001
10100010101111000010
00001111000000000010
00001111000000000010
x
